35170
18860
19714
10827
23388
9802
3407
10535
28834
17668
7100
12858
19227
9942
2832
8953
12381
10800
5582
10570
22920
4614
18989
11613
10299
22687
4145
10114
10100
11325
18376
8180
24718
14029
27562
13770
13726
13710
34543
34544
34631
34608
16231
20136
15905
4311
15034
33050
32962
17094
34869
34407
34990
34864
24551
25677
3277
6274
24092
9309
22223
14031
27459
21249
7598
20358
13134
34693
34723
34800
34798
34799
32290
32728
17175
11148
26132
33136
28674
20118
9971
9115
12599
9001
19709
9815
8894
24143
24131
5998
19442
10595
23357
24998
8457
14920
14469
27285
21009
7462
25454
6758
15504
24968
19188
19250
21884
17197
28752
28958
29099
11728
10382
18660
14851
27681
7976
16058
21056
13346
34641
13135
34701
29369
18629
30298
12731
9028
12610
8963
8961
10922
12303
12267
25288
11966
10534
4806
23619
4646
22760
11521
18700
22505
22390
22319
7887
16496
25698
13043
33470
15751
15671
15048
18636
32202
32666
11964
32664
32659
32669
24465
12972
11301
11236
3460
12921
6649
24386
3356
6580
11132
2975
19832
9065
9791
12672
6446
9965
2539
2527
6411
9817
19745
10995
6308
12476
12471
2300
8925
9536
9525
8855
6065
10871
19589
10863
10848
5957
8755
9593
12167
9450
8679
10786
32086
1388
10716
19434
8541
25287
10653
19335
19312
19311
11913
23744
534
19181
11855
11844
5098
10547
11789
11785
11779
10516
23626
23609
11645
4623
11629
18969
25097
18919
4324
22724
10141
32352
11457
31261
11377
23179
3553
31374
8251
22356
8178
22226
21333
24719
24703
14460
21254
8085
8082
21981
8009
21896
27430
14043
7911
7908
13839
31183
13810
27887
7682
13769
13764
7623
13602
7524
16485
16410
5400
13398
7283
7267
20425
7238
7193
7182
29752
7140
13266
26630
13244
20289
7089
30441
7029
25485
6935
20206
32124
13151
31382
6799
6763
25299
32113
6752
33270
15756
33547
30123
15537
15534
15447
32999
15301
28797
18447
18444
29604
30327
33224
35106
26998
17943
17940
33225
17785
34413
17755
28298
28285
34855
16680
32620
17093
16932
30907
28692
28971
7116
24461
3542
11087
11064
6266
6142
19647
8751
10820
19505
9453
9436
19446
23627
11687
22873
11592
25106
23402
25065
10178
26886
22572
26993
22521
26992
26324
26255
27548
14534
21300
14299
7889
20989
20703
7372
25649
7157
13213
13211
13210
6757
34722
20360
33306
32755
33638
33052
18357
29591
18164
32655
32646
32964
15069
17836
28111
28110
32662
27859
32617
28371
34482
28430
34512
17159
34918
28565
16925
29008
26997
9961
2990
11021
8985
8739
9362
23002
11796
23613
21387
21348
14535
14207
13897
7272
6957
6969
