34865
34629
34775
27098
34559
34468
34484
34242
34607
34670
34485
35052
27772
14388
32161
34533
34430
27334
34508
34504
34613
34615
33806
35067
35129
34927
34461
27099
14093
34488
33823
34639
33770
34677
33805
34704
34689
34716
30074
34317
30462
34661
34442
13463
28548
34943
34565
34518
34503
34614
34601
34730
34708
34767
34765
35071
35094
35126
35130
35132
35156
34402
35121
35146
35139
35102
35196
34831
34849
34860
30554
34930
34932
34934
34982
34969
34976
34981
34988
35054
34956
35065
35025
31883
34543
34544
34631
34608
32446
35032
17146
32599
34821
34897
34890
34869
34407
34990
34864
2837
26792
26784
14989
26782
31432
27316
14177
34531
34499
34553
34556
34554
34550
34542
34572
34571
34623
34622
34534
34592
34573
34619
34618
34624
32001
34574
34632
31839
34606
33769
34600
34603
34652
34646
34668
34649
34566
34666
34676
34680
33794
29874
34673
34707
34735
34736
34732
34705
34720
34738
34747
34651
34744
32883
32886
34741
33892
34690
34645
34700
34770
34212
34757
34206
34772
34789
34792
29392
26831
33587
32445
35053
34589
35095
34845
35069
35092
35083
35087
35072
35090
35068
35046
34903
35085
35089
35082
35014
35063
34080
35100
35057
35093
35118
35113
35111
35084
30452
34983
35120
35038
35131
35138
34393
35141
34970
34862
34971
34658
34801
34817
34660
34987
35163
34655
35175
34809
35199
34659
35166
34938
35188
35176
34829
34848
30684
34826
34448
33004
34871
34873
34880
17418
34466
34892
34884
34852
34854
34893
34861
34891
34467
34471
28510
34877
34910
34520
34924
34926
34919
34900
34937
34925
32812
34952
34960
34939
34991
35000
34986
35003
34866
34868
35008
35031
34867
35013
35047
34996
34977
34972
35007
35048
35010
34997
35044
34979
35011
35043
34995
35055
34928
34962
34417
33453