69
387
389
3401
4324
4761
7147
7462
8009
8122
8180
8319
8650
8946
9026
9791
10249
10516
10569
10972
11071
11550
11772
11844
12068
12167
12334
12615
12921
12912
12979
13865
13866
13867
14237
14493
14497
14662
15374
15901
15904
16190
16709
17005
17534
17708
19524
19662
19671
19709
19853
20151
20345
20445
5087
21778
22519
22616
23093
8536
24062
8909
24506
24644
24919
25085
25391
25485
10800
26086
26426
26460
11779
26540
26672
26856
26950
27365
27968
14498
28160
28468
28806
29191
29433
29476
29623
29675
30035
30244
30246
30407
30593
30573
30654
30843
30895
30902
19815
30906
30907
31091
31206
31306
20655
31533
31639
31814
31942
32207
32394
32405
32485
32508
32794
32812
32995
25813
33547
33909
27847
32630
32883
32904
31927
32140
31049
31182
31291
23068
12537