34880
34871
24835
30875
33068
24190
30280
21060
34635
19980
24302
20360
34746
34718
24128
27818
27856
27855
28000
28003
28015
28022
28020
28025
28038
28800
29038
29323
34433
34434
29573
28010
28014
28028
28034
34386
23643
26867
26875
33961
33966
33960
33989
34062
34122
34205
34244
34263
34273
34276
33824
33842
33858
33859
33875
33892
33891
33920
29585
34296
34421
34426
28024
28005
28036
26733
26871
34617
33708
33721
33756
33757
33785
33804
33802
33805
33809
33810
33817
33821
33840
33844
34612
33096
33284
33282
33289
33296
33300
31530
34590
30541
30717
30714
30019
30027
9028
13449
13510
34556
34516
34518
34351
34436
7277
10816
34403
34420
34383